# column   1     --> potential(0){electronvolt} : The physical system potential energy.
    1.05487752e-02   
    2.86349737e-01   
    3.66271330e-01   
    2.70739947e-01   
    2.46091450e-01   
    8.27837872e-01   
    4.22002694e-01   
    5.92079881e-01   
    2.68549054e-01   
    4.47657584e-01   
    8.68844418e-01   
    3.31437300e-01   
    3.11380672e-01   
    5.83929332e-01   
    4.39384050e-01   
    5.66902653e-01   
    1.37616281e-01   
    3.96842322e-01   
    3.54494403e-01   
    6.09408626e-01   
    6.70588682e-01   
    1.09516986e+00   
    6.38390870e-01   
    8.20590361e-01   
    4.71566171e-01   
    1.54277130e-01   
    3.34464294e-01   
    5.79354990e-01   
    3.87840453e-01   
    4.40392619e-01   
    3.78404240e-01   
    4.72914256e-01   
    5.58698802e-01   
    3.63453311e-01   
    4.17482710e-01   
    3.43032291e-01   
    7.15430487e-01   
    3.75279774e-01   
    1.06742819e+00   
    8.29636456e-01   
    7.27261978e-01   
    7.91017272e-01   
    5.05141553e-01   
    5.13098867e-01   
    7.43841416e-01   
    4.11226092e-01   
    6.47462729e-01   
    1.18085507e+00   
    4.43786131e-01   
    1.01497315e+00   
    5.65424220e-01   
    2.01054482e+00   
    1.00407237e+00   
    5.48299437e-01   
    3.37468844e-01   
    5.65786933e-01   
    1.16593642e+00   
    7.32528707e-01   
    8.19024459e-01   
    3.60963988e-01   
    4.19837406e-01   
    5.81870457e-01   
    2.44058523e-01   
    6.25522665e-01   
    4.95458134e-01   
    6.80645800e-01   
    5.06391932e-01   
    4.63896884e-01   
    3.17764689e-01   
    3.77660900e-01   
    3.15577551e-01   
    4.12174797e-01   
    2.81934567e-01   
    4.62555207e-01   
    3.20552088e-01   
    5.66718827e-01   
    4.10374941e-01   
    5.20104604e-01   
    4.04217068e-01   
    5.32227317e-01   
    3.77887715e-01   
    3.67530042e-01   
    1.16492663e+00   
    8.71136731e-01   
    8.04557337e-01   
    4.57913892e-01   
    5.66679297e-01   
    3.09643646e-01   
    1.04896854e+00   
    4.92255716e-01   
    5.02918729e-01   
    5.58381458e-01   
    9.25655152e-01   
    5.40196309e-01   
    2.84813088e-01   
    9.06043558e-01   
    6.26052319e-01   
    5.42409031e-01   
    5.09138259e-01   
    6.57036077e-01   
    3.19498256e-01   
    4.25241665e-01   
    7.85857381e-01   
    4.25453154e-01   
    7.98099895e-01   
    6.22565470e-01   
    5.82734896e-01   
    7.87367846e-01   
    8.67857092e-01   
    8.09087202e-01   
    7.77070470e-01   
    4.88786951e-01   
    2.97705315e-01   
    3.56040996e-01   
    1.17222740e+00   
    3.68995698e-01   
    1.49688855e+00   
    6.26196070e-01   
    5.75988609e-01   
    3.57468446e-01   
    6.29359233e-01   
    7.63657348e-01   
    9.65264564e-01   
    4.11359503e-01   
    1.00948731e+00   
    6.00783429e-01   
    1.00050295e+00   
    7.29090414e-01   
    5.67944115e-01   
    5.65946399e-01   
    6.13210198e-01   
    5.40490946e-01   
    3.65214905e-01   
    4.63942198e-01   
    5.39982017e-01   
    6.08617519e-01   
    5.75410713e-01   
    4.87391922e-01   
    3.43250304e-01   
    7.49998045e-01   
    5.46185830e-01   
    8.93185006e-01   
    4.07673688e-01   
    4.43862558e-01   
    3.72473395e-01   
    2.35423523e-01   
    2.35459751e-01   
    9.56279127e-01   
    9.46832748e-01   
    5.42654029e-01   
    5.42795511e-01   
    8.45425270e-01   
    8.93651250e-01   
    4.93620463e-01   
    7.79424774e-01   
    4.29876162e-01   
    7.20367621e-01   
    9.12444785e-01   
    6.08348199e-01   
    4.63264448e-01   
    6.31870325e-01   
    4.18997300e-01   
    8.11499237e-01   
    9.79230731e-01   
    5.19390115e-01   
    8.66133787e-01   
    3.80051294e-01   
    3.42398507e-01   
    7.17663980e-01   
    6.64767387e-01   
    5.18171386e-01   
    3.22389174e-01   
    1.05894742e+00   
    7.86174238e-01   
    4.53492927e-01   
    8.07334993e-01   
    6.63392537e-01   
    4.71564119e-01   
    8.18238712e-01   
    6.80927585e-01   
    5.72695129e-01   
    9.75459319e-01   
    8.05401629e-01   
    2.98253707e-01   
    7.11066754e-01   
    5.10222082e-01   
    8.76821645e-01   
    5.35325185e-01   
    6.96228141e-01   
    8.54832028e-01   
    9.26529737e-01   
    5.49169004e-01   
    1.19379042e+00   
    8.73684822e-01   
    1.12536304e+00   
    7.13639673e-01   
    6.63793533e-01   
    4.84986217e-01   
    1.01912654e+00   
    8.18354547e-01   
    5.02677111e-01   
    3.22705547e-01   
    5.72865992e-01   
    5.48803805e-01   
    5.24543834e-01   
    1.14755080e+00   
    8.36906769e-01   
    5.19891672e-01   
    5.74135448e-01   
    3.67761935e-01   
    1.35024512e+00   
    2.32326884e-01   
    4.97089472e-01   
    8.64467168e-01   
    3.54689025e-01   
    1.95128229e-01   
    7.99330337e-01   
    1.01676815e+00   
    8.69214535e-01   
    9.77499976e-01   
    2.72164621e-01   
    1.33140640e+00   
    8.98148093e-01   
    1.02009921e+00   
    1.07130183e+00   
    9.00568762e-01   
    7.40730668e-01   
    4.12391694e-01   
    3.11189980e-01   
    1.23575256e-01   
    1.19678953e+00   
    6.02231709e-01   
    5.96443474e-01   
    5.99119480e-01   
    5.64169375e-01   
    5.11143743e-01   
    5.94345026e-01   
    3.39569566e-01   
    2.58974831e-01   
    3.33291812e-01   
    3.84645292e-01   
    6.11924508e-01   
    9.68506463e-01   
    7.80524639e-01   
    5.31594095e-01   
    4.92456902e-01   
    7.86393946e-01   
    6.96034909e-01   
    3.18373560e-01   
    4.75282298e-01   
    7.72386293e-01   
    6.71201158e-01   
    6.88986244e-01   
    1.32244626e+00   
    1.34233026e+00   
    5.53307839e-01   
    9.27937376e-01   
    6.60138180e-01   
    6.92031356e-01   
    4.69270576e-01   
    5.41410961e-01   
    4.76409131e-01   
    3.14278451e-01   
    7.66828438e-01   
    1.10972730e+00   
    4.02809266e-01   
    6.35844829e-01   
    8.64954929e-01   
    8.10825861e-01   
    6.02976904e-01   
    7.48668265e-01   
    1.00505940e+00   
    4.76119072e-01   
    1.36265352e+00   
    4.88351612e-01   
    7.77451402e-01   
    4.21119645e-01   
    8.25172439e-01   
    5.58013451e-01   
    4.96808329e-01   
    5.60286142e-01   
    6.85287550e-01   
    4.75408476e-01   
    8.97989718e-01   
    5.71751547e-01   
    8.61646994e-01   
    6.76694255e-01   
    8.34420405e-01   
    6.15956870e-01   
    1.05239763e+00   
    5.44392583e-01   
    6.73858798e-01   
    4.43321479e-01   
    4.57468239e-01   
    9.32433436e-01   
    6.09035574e-01   
    1.02576301e+00   
    1.23243976e+00   
    6.93698855e-01   
    5.87025377e-01   
    5.25045901e-01   
    3.79027706e-01   
    1.93764964e-01   
    1.10881749e+00   
    1.46583288e+00   
    5.38917584e-01   
    5.92851536e-01   
    6.46734636e-01   
    6.44217365e-01   
    5.62435776e-01   
    1.16451918e+00   
    4.16957926e-01   
    4.26849257e-01   
    9.23673437e-01   
    4.16276144e-01   
    1.46128807e+00   
    9.99713317e-01   
    5.93276211e-01   
    4.03784513e-01   
    9.40476220e-01   
    6.63498219e-01   
    8.55218025e-01   
    6.93311074e-01   
    4.70083375e-01   
    1.04655565e+00   
    6.72731719e-01   
    8.63531834e-01   
    6.25222524e-01   
    4.80282308e-01   
    7.32661959e-01   
    5.24987366e-01   
    1.89959117e-01   
    6.47498550e-01   
    6.88939970e-01   
    3.53805125e-01   
    8.65649321e-01   
    4.58150675e-01   
    4.14207461e-01   
    1.04774546e+00   
    4.87189837e-01   
    7.15932064e-01   
    9.89608191e-01   
    9.19297695e-01   
    6.03105222e-01   
    7.17986890e-01   
    5.98342593e-01   
    6.36922381e-01   
    3.31726013e-01   
    5.79606145e-01   
    3.56681519e-01   
    8.19770422e-01   
    3.21001599e-01   
    7.39705396e-01   
    9.86972923e-01   
    4.30022436e-01   
    4.73336629e-01   
    3.89173067e-01   
    5.85777778e-01   
    8.51896616e-01   
    3.12714135e-01   
    8.13675034e-01   
    1.13715931e+00   
    9.07276517e-01   
    6.01843405e-01   
    7.67269667e-01   
    3.60520106e-01   
    7.31026689e-01   
    1.00855455e+00   
    7.95580284e-01   
    4.40886761e-01   
    1.36005152e+00   
    7.56596339e-01   
    5.11397015e-01   
    5.45174440e-01   
    6.34071355e-01   
    1.16075933e+00   
    6.00268993e-01   
    7.59249957e-01   
    3.83663315e-01   
    8.09156502e-01   
    4.36131174e-01   
    5.04889536e-01   
    7.14095496e-01   
    3.84769897e-01   
    9.93788708e-01   
    3.37999519e-01   
    6.26181633e-01   
    4.35614432e-01   
    5.64536846e-01   
    7.43144807e-01   
    1.21784879e+00   
    8.38931801e-01   
    5.86116125e-01   
    3.40813332e-01   
    6.62568663e-01   
    3.58538499e-01   
    6.05917157e-01   
    7.62006153e-01   
    4.43427907e-01   
    3.65897964e-01   
    5.87034430e-01   
    9.73221932e-01   
    1.06216883e+00   
    9.96373310e-01   
    3.51148745e-01   
    5.59945028e-01   
    4.73049151e-01   
    6.37813703e-01   
    6.04485528e-01   
    7.01106514e-01   
    9.06794187e-01   
    6.66382235e-01   
    5.95669787e-01   
    7.56681223e-01   
    6.13210875e-01   
    5.45435396e-01   
    8.22463657e-01   
    7.16187044e-01   
    8.84472103e-01   
    8.33967780e-01   
    8.92277715e-01   
    8.43951043e-01   
    1.03415619e+00   
    4.51809553e-01   
    2.81991276e-01   
    2.87250046e-01   
    9.16574593e-01   
    9.93953502e-01   
    5.79656684e-01   
    7.66479506e-01   
    6.89728217e-01   
    9.75686850e-01   
    6.93208154e-01   
    5.00985488e-01   
    9.27521707e-01   
    1.14020850e+00   
    6.22362208e-01   
    6.07609416e-01   
    5.79400411e-01   
    5.86469728e-01   
    7.17674580e-01   
    5.67635431e-01   
    2.98399247e-01   
    2.13283319e-01   
    3.69191993e-01   
    4.36587844e-01   
    6.76139424e-01   
    3.39809103e-01   
    3.66957923e-01   
    8.01514124e-01   
    5.70578724e-01   
    5.91230713e-01   
    6.51199239e-01   
    4.00848604e-01   
    6.62944250e-01   
    4.07513679e-01   
    7.88716925e-01   
    5.12591635e-01   
    7.90724815e-01   
    6.57827663e-01   
    5.13529973e-01   
    5.79005893e-01   
    7.29712388e-01   
    6.45448998e-01   
    5.81482440e-01   
    8.45963046e-01   
    9.02524279e-01   
    7.11544497e-01   
    6.28611454e-01   
    4.32772715e-01   
    2.46229248e-01   
    7.68499502e-01   
    6.46044304e-01   
    2.45273601e-01   
    6.76790078e-01   
    8.65048754e-01   
    5.17098828e-01   
    7.90429572e-01   
    8.38988536e-01   
    1.19976744e+00   
    1.14554374e+00   
    8.89086152e-01   
    1.05519484e+00   
    8.14338322e-01   
    7.11725938e-01   
    7.62978211e-01   
    4.02844224e-01   
    4.84172669e-01   
    4.02488924e-01   
    5.55893865e-01   
    1.57517628e+00   
    4.22761241e-01   
    5.80808562e-01   
    6.99986279e-01   
    6.33853332e-01   
    7.25577990e-01   
    6.38408597e-01   
    1.06305419e+00   
    1.04064379e+00   
    5.88821405e-01   
    6.87287355e-01   
    1.49994214e+00   
    4.89561699e-01   
    1.17204330e+00   
    9.09518592e-01   
    9.09982566e-01   
    9.92120231e-01   
    5.66231034e-01   
    4.71261602e-01   
    8.39812045e-01   
    7.06748663e-01   
    1.20669644e+00   
    5.75280846e-01   
    1.12965201e+00   
    7.16641257e-01   
    6.29309714e-01   
    6.94383767e-01   
    6.31505113e-01   
    2.77415240e-01   
    7.51469830e-01   
    3.88005503e-01   
    9.26559538e-01   
    2.17793199e-01   
    3.02039101e-01   
    1.32700551e+00   
    5.14730148e-01   
    1.22059900e+00   
    7.02984630e-01   
    5.20141867e-01   
    2.47473244e-01   
    8.81224774e-01   
    8.64595283e-01   
    5.68184357e-01   
    4.79719509e-01   
    8.25700226e-01   
    3.43994971e-01   
    5.02945778e-01   
    5.74117206e-01   
    4.03168554e-01   
    3.29840841e-01   
    7.45269816e-01   
    8.69518844e-01   
    5.79705557e-01   
    9.60955078e-01   
    6.90451898e-01   
    6.47466237e-01   
    3.15546919e-01   
    7.08488302e-01   
    5.86696410e-01   
    3.41550350e-01   
    1.09993072e+00   
    4.09207412e-01   
    9.34420383e-01   
    7.60208851e-01   
    8.25709690e-01   
    5.86064834e-01   
    4.40143709e-01   
    5.86853683e-01   
    4.93067757e-01   
    5.02955685e-01   
    7.33386072e-01   
    3.46754789e-01   
    3.48059545e-01   
    4.45598276e-01   
    9.03031148e-01   
    4.73821184e-01   
    6.87866338e-01   
    4.08822737e-01   
    3.97293186e-01   
    3.90270599e-01   
    6.12063128e-01   
    7.64314191e-01   
    1.13036376e+00   
    5.48137754e-01   
    6.37957631e-01   
    7.84439189e-01   
    7.96211251e-01   
    7.62817060e-01   
    3.38570657e-01   
    9.04689830e-01   
    5.17436782e-01   
    4.14516122e-01   
    4.02999559e-01   
    7.88948024e-01   
    7.44509428e-01   
    5.27879243e-01   
    9.51030848e-01   
    8.20873992e-01   
    8.02399214e-01   
    8.66482022e-01   
    5.87020093e-01   
    4.43241884e-01   
    8.01674486e-01   
    5.15157959e-01   
    2.63024726e-01   
    7.17349327e-01   
    3.44353638e-01   
    6.28308926e-01   
    8.75441979e-01   
    3.10203200e-01   
    5.94908807e-01   
    4.96870367e-01   
    4.66359808e-01   
    7.90861277e-01   
    7.77434522e-01   
    7.31791774e-01   
    3.58095288e-01   
    3.80943705e-01   
    8.64216211e-01   
    6.77383842e-01   
    8.02161030e-01   
    6.38772773e-01   
    5.75006272e-01   
    7.55121555e-01   
    2.48149345e-01   
    7.97147891e-01   
    4.82205210e-01   
    4.41469119e-01   
    2.56608836e-01   
    5.28501075e-01   
    9.34616544e-01   
    1.34121134e+00   
    7.32264255e-01   
    7.05702426e-01   
    4.26076572e-01   
    6.97684188e-01   
    5.42243158e-01   
    4.81351944e-01   
    5.37734773e-01   
    9.24637715e-01   
    6.77308152e-01   
    6.12493971e-01   
    7.77512393e-01   
    7.29407183e-01   
    1.17099414e+00   
    1.07227452e+00   
    9.01956630e-01   
    4.76357784e-01   
    4.18879715e-01   
    5.53793405e-01   
    7.57874810e-01   
    9.35976226e-01   
    4.74434854e-01   
    6.49277684e-01   
    7.03276815e-01   
    6.36796193e-01   
    6.74827795e-01   
    4.41468258e-01   
    5.11669939e-01   
    3.22330835e-01   
    5.57508419e-01   
    3.56455963e-01   
    3.84968185e-01   
    5.21411478e-01   
    6.89840715e-01   
    7.96068564e-01   
    1.08969096e+00   
    5.22442942e-01   
    9.53615063e-01   
    8.72488371e-01   
    3.62287801e-01   
    5.45841045e-01   
    8.68163709e-01   
    8.58157951e-01   
    1.67681840e+00   
    1.29924955e+00   
    8.52595723e-01   
    4.19365193e-01   
    6.20706688e-01   
    5.78637903e-01   
    2.72382096e-01   
    5.09061061e-01   
    4.77546794e-01   
    8.62269195e-01   
    4.13105848e-01   
    2.29946342e-01   
    6.79588194e-01   
    9.90754256e-01   
    7.42937037e-01   
    6.40753470e-01   
    7.91402691e-01   
    6.52772727e-01   
    4.57732156e-01   
    5.93839177e-01   
    5.44291660e-01   
    3.99496233e-01   
    4.86182779e-01   
    5.85089189e-01   
    7.06665821e-01   
    9.49193695e-01   
    5.38425336e-01   
    9.06277911e-01   
    6.45854930e-01   
    4.31773432e-01   
    1.03323085e+00   
    6.63588709e-01   
    7.51125190e-01   
    5.65910461e-01   
    2.57803760e-01   
    7.11027653e-01   
    2.15222538e-01   
    1.05619110e+00   
    8.77795034e-01   
    5.94198447e-01   
    8.24873193e-01   
    5.11874294e-01   
    6.55467823e-01   
    5.42894169e-01   
    8.25788327e-01   
    1.28274336e+00   
    9.05470047e-01   
    3.06202738e-01   
    5.65028180e-01   
    5.86558055e-01   
    8.33419326e-01   
    9.06879645e-01   
    3.04631195e-01   
    5.87645929e-01   
    6.00231292e-01   
    6.27055387e-01   
    8.60194542e-01   
    5.78388757e-01   
    4.81427333e-01   
    6.19635485e-01   
    4.17571011e-01   
    5.94477839e-01   
    1.08144187e+00   
    6.36653175e-01   
    7.26559171e-01   
    4.70229610e-01   
    5.43474939e-01   
    7.47301650e-01   
    6.84308614e-01   
    8.31940326e-01   
    6.13833026e-01   
    8.69377156e-01   
    8.01992091e-01   
    6.11117611e-01   
    8.09171970e-01   
    3.25523424e-01   
    7.59685852e-01   
    4.24124529e-01   
    1.08915688e+00   
    7.99089889e-01   
    5.90885709e-01   
    5.57867080e-01   
    9.17085405e-01   
    1.36826713e+00   
    1.10440689e+00   
    9.39543978e-01   
    4.82186293e-01   
    4.43398324e-01   
    6.47845464e-01   
    4.85401714e-01   
    1.12674682e+00   
    1.27949527e+00   
    6.60496835e-01   
    1.04986435e+00   
    5.13375773e-01   
    5.69964612e-01   
    7.25716903e-01   
    3.28947157e-01   
    1.26717413e+00   
    2.45747438e-01   
    5.44977114e-01   
    5.61848620e-01   
    3.48615170e-01   
    3.90278557e-01   
    6.60344440e-01   
    4.52756732e-01   
    3.85872189e-01   
    5.21153125e-01   
    5.47145082e-01   
    5.84806996e-01   
    4.38373264e-01   
    1.07532308e+00   
    5.46648318e-01   
    1.01763294e+00   
    9.06188387e-01   
    7.02565209e-01   
    5.22041434e-01   
    6.02442134e-01   
    1.26298438e+00   
    6.84459251e-01   
    7.65755981e-01   
    4.67499013e-01   
    6.17800938e-01   
    4.13374214e-01   
    4.69439418e-01   
    3.02887112e-01   
    6.18989366e-01   
    5.18070637e-01   
    8.37220291e-01   
    9.61648524e-01   
    5.17888288e-01   
    3.31931254e-01   
    6.56307858e-01   
    1.33373270e+00   
    6.39540349e-01   
    9.24290599e-01   
    2.78230476e-01   
    1.00956272e+00   
    9.03629051e-01   
    5.13163582e-01   
    4.80183524e-01   
    6.18131661e-01   
    5.03173763e-01   
    9.04236644e-01   
    7.16021601e-01   
    6.51978254e-01   
    3.48174678e-01   
    1.08365776e+00   
    3.04724062e-01   
    1.11277997e+00   
    8.42285213e-01   
    4.64503219e-01   
    9.13739917e-01   
    5.83195537e-01   
    3.62466647e-01   
    5.33489069e-01   
    3.53004926e-01   
    5.46745774e-01   
    1.08682660e+00   
    4.85329217e-01   
    3.70200335e-01   
    2.09559757e-01   
    8.06742311e-01   
    5.37439898e-01   
    1.01279444e+00   
    1.07202961e+00   
    3.81532285e-01   
    7.16677800e-01   
    5.28649166e-01   
    5.79569631e-01   
    6.76877040e-01   
    5.41954443e-01   
    2.79830623e-01   
    6.19588654e-01   
    5.01361141e-01   
    8.44495101e-01   
    6.66696091e-01   
    6.12558687e-01   
    5.79973761e-01   
    4.95457976e-01   
    1.18663375e+00   
    1.22315419e+00   
    8.63905196e-01   
    5.75659588e-01   
    5.52840803e-01   
    1.16537091e+00   
    3.05565873e-01   
    1.04598014e+00   
    1.00271070e+00   
    1.20621642e+00   
    8.03649142e-01   
    8.83385929e-01   
    3.97199482e-01   
    7.80772077e-01   
    5.68453082e-01   
    1.09845751e+00   
    8.56197991e-01   
    6.58063845e-01   
    4.32883471e-01   
    7.83081990e-01   
    8.46550415e-01   
    5.64399173e-01   
    3.59977969e-01   
    4.67300008e-01   
    5.12025079e-01   
    3.54199822e-01   
    5.64459848e-01   
    6.01271619e-01   
    7.81244058e-01   
    8.27847335e-01   
    7.67968935e-01   
    5.50876806e-01   
    3.35625490e-01   
    5.22353287e-01   
    4.29247632e-01   
    4.92983382e-01   
    8.16506911e-01   
    7.75946514e-01   
    6.49749443e-01   
    6.30857676e-01   
    4.13977736e-01   
    3.69742419e-01   
    5.44831784e-01   
    6.03094592e-01   
    7.19787287e-01   
    7.01891246e-01   
    1.08812193e+00   
    3.87633827e-01   
    4.75215786e-01   
    9.41085092e-01   
    6.35991348e-01   
    6.61794196e-01   
    1.36372024e+00   
    1.00505691e+00   
    7.44701195e-01   
    7.39014444e-01   
    8.70878612e-01   
    3.58078198e-01   
    8.44089940e-01   
    6.61391962e-01   
    1.34102303e+00   
    6.81539023e-01   
    7.31640472e-01   
    1.14512154e+00   
    1.06989445e+00   
    5.69685810e-01   
    9.20644034e-01   
    7.33130892e-01   
    1.05198507e+00   
    1.30554302e+00   
    8.13580023e-01   
    1.32449858e+00   
    5.18177788e-01   
    5.73917304e-01   
    6.55125102e-01   
    4.15086961e-01   
    7.28974201e-01   
    1.16492487e+00   
    6.16443979e-01   
    5.28273844e-01   
    1.14384404e+00   
    7.27907567e-01   
    1.07359962e+00   
    6.97911208e-01   
    1.73043421e+00   
    1.46751343e+00   
    1.22452258e+00   
    1.06379520e+00   
    1.19609226e+00   
    8.13761521e-01   
    4.34105898e-01   
    2.69231905e-01   
    5.16167482e-01   
    4.31393650e-01   
    1.06153707e+00   
    4.84189024e-01   
    6.54897442e-01   
    6.92206025e-01   
    7.89880575e-01   
    7.79507347e-01   
    6.28414169e-01   
    3.29690169e-01   
    5.13104036e-01   
    2.62572650e-01   
    3.94166768e-01   
    4.89279662e-01   
    6.21158045e-01   
    5.39781821e-01   
    7.60992732e-01   
    5.62218327e-01   
    6.87032037e-01   
    7.72415069e-01   
    8.30997188e-01   
    5.77649690e-01   
    4.03097156e-01   
    3.62605552e-01   
    4.57380769e-01   
    8.35286002e-01   
    6.74195147e-01   
    2.29240618e-01   
    6.49063505e-01   
    6.69433688e-01   
    9.90263667e-01   
    7.53585201e-01   
    6.31685334e-01   
    1.01327234e+00   
    9.27958644e-01   
    3.48326774e-01   
    6.30587546e-01   
    6.51893311e-01   
    8.09876262e-01   
    3.43544467e-01   
    4.34551949e-01   
    7.51814993e-01   
    4.83274903e-01   
    5.70833403e-01   
    9.48305633e-01   
    5.39961299e-01   
    8.66642164e-01   
    7.71747778e-01   
    4.59785330e-01   
    3.04925514e-01   
    4.73293696e-01   
    7.00710880e-01   
    4.20384764e-01   
    3.41021945e-01   
    4.43765389e-01   
    5.85883541e-01   
    3.67841635e-01   
    6.60670315e-01   
    3.15590971e-01   
    1.16941824e+00   
    7.70304882e-01   
    2.70592623e-01   
    5.39915939e-01   
    6.23494992e-01   
    4.54161842e-01   
